20
u120_00
 obj=   49 	 1
67 55 
43 24 
114 94 
69 41 
103 62 
100 93 
73 56 
4 42 
17 3 
74 66 
68 110 
5 26 
89 97 
16 54 
77 37 
20 92 
15 115 
53 106 
71 13 
105 28 
91 52 
112 111 
83 18 60 
48 2 
22 35 
78 8 27 
44 1 
109 31 
81 101 
79 25 
11 104 
61 80 
107 86 
95 64 63 
85 14 57 
82 76 
30 39 
23 70 
96 29 
99 75 90 
117 118 116 
9 0 33 87 
88 40 84 46 
65 119 51 58 
47 19 6 50 
72 98 59 7 
32 21 10 102 
45 36 49 38 34 
12 108 113 
u120_01
 obj=   50 	 1
115 32 
82 42 
110 8 
38 117 
46 111 
102 58 
44 26 
80 81 
51 43 
66 34 
27 91 
0 97 
76 21 
36 59 
53 84 
35 70 
62 1 
15 45 
103 11 
13 94 
116 89 
83 93 
24 107 
2 31 
25 73 
5 86 
68 56 
64 99 
52 78 
101 109 
98 12 
54 114 
79 22 
92 49 
4 30 
105 69 
75 29 
3 10 87 
47 72 37 
55 106 28 
33 57 71 
74 85 112 
18 113 17 
20 90 7 
119 67 19 65 
9 61 16 14 
108 60 50 63 
96 95 100 118 41 
23 48 6 88 40 104 
39 77 
u120_02
 obj=   47 	 1
1 66 
116 73 
105 72 
106 45 
37 93 
42 27 
58 44 
54 33 
8 26 
110 112 
111 20 
89 24 
98 96 
47 76 
23 25 
22 16 
31 12 
10 30 
13 56 
34 95 
70 46 
49 15 
52 5 
43 18 
60 74 
102 55 
99 100 
94 51 
86 81 
62 92 
78 101 
29 32 
109 50 
64 48 21 
90 104 88 
38 2 61 
40 117 59 
82 69 3 
97 83 85 6 
67 0 65 17 
77 28 41 53 
107 11 39 71 
103 91 14 9 
108 115 57 36 7 
80 63 68 84 118 
35 19 113 119 75 
114 79 87 4 
u120_03
 obj=   50 	 1
9 34 
93 49 
50 30 
77 100 
111 107 
23 13 
58 18 
90 28 
15 44 
27 98 
5 83 
39 117 
65 88 
4 8 
36 85 
76 94 
74 114 
51 63 
16 97 
112 69 
56 78 
33 82 
6 48 
37 115 
67 7 
52 26 
96 10 
42 11 
95 80 24 
20 75 89 
2 46 
3 57 
41 43 35 
12 38 
72 102 1 
113 29 19 
17 14 104 
101 105 
84 118 
71 116 
92 86 
87 25 
45 99 
61 73 81 
21 31 62 0 
119 91 59 103 
108 68 66 40 
60 64 47 106 
110 79 53 109 32 
55 54 70 22 
u120_04
 obj=   51 	 1
98 28 
35 74 
1 86 
93 100 
45 62 
16 48 
15 51 
33 84 
92 107 
56 8 
71 85 
113 94 
43 37 
99 27 
10 117 
47 79 
17 26 
78 118 
80 112 
57 44 
32 103 
73 49 
19 0 69 
24 40 68 
88 53 
11 106 
110 61 97 
46 111 34 
70 108 
114 23 
20 87 
54 102 
6 4 
72 5 
91 67 
14 66 
65 104 
7 55 
29 116 
22 60 
30 77 
82 105 
119 83 
90 42 
50 36 21 
75 41 81 109 
95 39 52 25 
31 12 115 96 
89 38 76 18 13 
2 64 9 3 101 58 
59 63 
u120_05
 obj=   49 	 1
34 98 
87 101 
56 8 
44 89 
88 19 
47 82 
81 6 
75 18 
100 66 
112 24 
105 48 
115 79 
73 46 
108 103 
114 52 
45 110 
60 67 
21 26 
13 33 
10 35 
83 68 
22 31 
57 61 
118 15 
7 58 
11 27 
23 2 
43 4 
107 102 
116 38 
36 53 
77 104 84 
5 50 
95 80 
91 96 1 
14 74 0 
16 63 76 
28 119 69 
90 113 59 
3 93 
86 94 
29 12 40 
62 64 25 111 
78 109 51 99 
72 39 17 37 
42 54 70 49 
30 85 41 20 
71 65 97 117 92 
106 9 32 55 
u120_06
 obj=   49 	 1
8 114 
116 113 
84 29 
93 98 
2 40 
18 44 
70 91 
46 101 
5 111 
92 115 
62 32 
61 37 
19 47 
34 17 
28 38 
100 31 
45 25 
4 72 
16 68 
27 9 
59 33 
22 48 
3 56 
81 75 
108 77 
0 55 
58 13 
119 14 
88 65 
67 36 
103 117 
20 15 
21 112 
82 106 
73 54 
76 74 
102 26 
83 96 
110 97 52 
107 23 35 
10 50 118 
53 66 71 
42 87 24 12 
51 60 79 95 
30 1 109 63 
7 104 90 89 
69 43 6 85 57 
80 105 11 99 49 
86 39 64 41 78 94 
u120_07
 obj=   50 	 1
60 50 
39 97 
19 6 
32 87 
62 119 
46 69 
1 4 
30 12 
13 83 
71 16 
42 57 
116 86 
76 102 
10 65 
2 105 
84 96 
49 67 
21 81 
35 94 
9 75 
17 23 
55 41 
48 108 
20 26 
110 113 
111 104 
29 59 
28 73 
37 72 
24 89 
5 101 
61 98 
34 8 
44 40 
78 7 
51 74 77 
80 90 66 
58 45 95 
0 70 82 
25 93 92 
15 52 100 
27 38 64 
14 33 114 
85 68 107 
36 115 106 
22 53 91 109 
47 43 79 31 
3 112 63 11 
56 54 99 88 
18 118 117 103 
u120_08
 obj=   51 	 1
0 49 
36 42 
17 84 
66 3 
19 62 
46 68 
6 93 
23 111 
61 85 
52 10 
4 117 
94 44 
34 35 
75 81 
54 119 
22 91 
65 79 
26 78 
92 5 
83 39 
74 89 
33 103 
98 107 
115 71 
112 45 
102 108 
24 28 
116 110 
106 14 
21 80 
95 86 
55 30 
73 100 
18 48 
99 13 
11 58 
8 63 
43 20 
67 96 
105 40 
97 101 
60 25 
56 47 
113 69 57 
82 70 87 59 
38 118 41 7 
109 50 37 77 
90 72 29 51 
32 88 104 64 1 
27 114 53 76 16 
2 31 9 15 12 
u120_09
 obj=   47 	 1
83 87 
47 55 
113 91 
33 81 
110 1 
22 101 
106 18 
10 98 
99 31 
76 100 
0 103 
39 56 
118 12 
85 117 
45 89 
74 2 
78 71 
86 109 
4 77 
25 16 
107 112 
24 104 
40 92 
67 58 
60 82 
43 23 
63 115 
52 105 
35 97 
8 73 
36 70 
90 57 
26 30 
9 64 
46 13 
50 61 
72 66 80 
32 21 7 
29 116 44 20 
28 68 96 111 
14 51 53 93 
41 48 19 49 
3 108 59 15 
11 79 37 75 65 
42 69 88 102 94 
62 95 54 119 17 27 
6 5 38 84 114 34 
u120_10
 obj=   53 	 1
81 84 
63 25 
78 34 
18 64 
107 11 
118 26 
86 117 
42 95 
8 97 
98 22 
109 65 
74 67 
89 7 
72 54 
40 99 
27 39 
47 50 
91 38 
114 10 
4 17 
49 28 
105 36 
37 83 
71 30 
6 102 
21 52 
45 55 
82 35 
79 110 
20 80 
70 2 
68 12 
73 33 
19 113 
94 101 
3 14 
88 93 
77 31 
103 112 
9 15 
104 53 
60 56 
69 32 57 
90 85 
23 43 
24 100 76 
48 5 96 
87 108 13 41 
44 111 106 92 
115 116 75 16 
46 1 59 0 
119 66 51 61 29 
62 58 
u120_11
 obj=   50 	 1
23 29 
77 38 
64 53 
71 72 
8 43 
85 67 
46 68 
100 78 
14 83 
4 59 
57 99 
19 101 
82 55 
16 111 
40 41 
62 86 
36 109 
17 56 
112 6 
65 42 
60 58 
30 12 
7 26 
61 35 
66 70 
15 63 
106 11 
9 80 
10 81 
118 119 
28 95 
104 87 
1 115 
34 39 
107 33 
113 94 
75 89 
102 114 
45 31 90 
0 76 51 
105 50 
88 108 110 
98 27 3 
52 48 44 
22 84 18 25 
97 5 79 96 
21 47 37 2 
32 91 13 54 117 
24 69 116 92 74 93 
20 103 73 49 
u120_12
 obj=   50 	 2
24 72 
71 14 
108 59 
98 113 
106 74 
6 39 
84 2 
93 16 
0 82 
107 112 
4 12 
77 97 
25 20 
57 45 
62 87 
10 63 
114 46 
110 60 
42 5 
117 92 
38 29 
22 65 
76 48 
23 35 
34 85 
80 21 
3 115 
118 81 
116 51 
44 68 
69 58 
17 15 
86 104 
90 102 
83 41 
78 36 
99 96 
75 18 79 
32 119 28 
91 8 64 
9 1 52 
19 95 67 
55 27 70 
53 61 50 37 
105 40 47 94 
7 49 13 109 
26 88 111 11 
31 100 30 73 103 
54 56 33 43 101 89 
66 
u120_13
 obj=   50 	 1
16 24 
101 110 
13 7 
20 58 
15 14 
31 43 
82 59 
21 109 
27 8 
28 40 
60 23 
5 85 
70 108 
98 94 
88 52 
91 93 
76 97 
67 115 
65 56 
37 92 
61 63 
117 118 
17 53 
3 103 
39 46 
106 112 
72 78 
48 2 
10 79 
84 50 
18 111 
42 89 
36 96 
6 55 
105 119 
19 54 
30 0 
4 38 
29 81 
41 32 
25 12 95 
45 114 68 33 
83 75 34 74 
99 35 77 62 
44 100 11 73 
69 26 90 107 
87 22 9 102 1 
80 64 49 47 113 
116 86 51 104 71 57 
66 
u120_14
 obj=   51 	 1
57 24 
46 70 
82 30 
15 47 
112 1 
78 22 
43 101 
92 66 
16 59 
20 9 
76 93 
104 54 
28 99 
4 109 
97 38 
42 21 
84 106 
110 86 
8 44 
81 10 
69 58 
72 89 
3 94 
118 116 
53 63 
49 96 
107 11 
36 65 
33 119 
50 88 
79 115 
56 68 
2 32 
85 100 
90 108 
7 75 
83 37 
14 73 
62 17 
29 27 
31 60 
74 102 23 
41 61 45 
105 52 71 
103 34 19 
98 12 5 91 
25 113 64 111 
77 55 40 6 
87 95 48 39 67 
51 117 35 80 114 18 
0 13 26 
u120_15
 obj=   49 	 1
71 90 
118 23 
50 84 
6 72 
26 92 
8 37 
79 55 
114 5 
15 85 
58 51 
40 7 
106 86 
93 77 
64 101 
117 27 
32 46 
45 63 
33 69 
60 42 
16 39 
28 100 
105 66 
4 80 
104 65 
115 1 
102 3 
41 52 
62 29 
112 22 
95 78 
0 107 
17 119 
13 73 
47 98 
36 14 
70 96 
43 68 
57 54 
11 74 
110 9 
108 75 59 38 
2 91 67 83 
53 10 18 109 
89 116 111 56 
99 35 97 20 
87 76 88 49 21 
19 113 81 25 44 
31 61 30 103 48 12 
24 82 94 34 
u120_16
 obj=   53 	 1
18 11 
57 98 
45 31 
59 4 
17 15 
25 2 
37 111 
83 114 
29 102 
99 1 
90 23 
16 28 
44 7 
115 38 
40 84 
67 94 
30 63 
107 46 
110 78 
20 3 
36 100 
6 66 
81 71 
70 61 
32 56 
5 91 
112 75 
60 24 
51 88 
69 77 
39 58 
19 65 
68 85 
79 109 
41 87 
89 80 
108 119 
117 104 
62 8 
14 9 
64 35 
33 106 
86 97 
52 22 
95 55 
118 48 
72 54 
12 96 101 105 
10 82 34 50 
43 92 27 93 
13 113 73 53 116 
26 42 103 21 76 
0 47 49 74 
u120_17
 obj=   53 	 1
24 118 
86 23 
13 39 
89 94 
97 49 
65 46 
42 66 
115 79 
45 40 
15 59 
96 80 
81 82 
58 0 
117 21 
9 73 
51 83 
100 78 
87 104 
11 52 
32 109 
90 75 
14 6 
38 69 
72 64 
116 8 
95 112 
1 88 
10 37 
105 77 
48 102 
110 84 
57 101 
56 119 
62 4 
70 35 
50 3 
44 34 
71 12 
106 5 74 
30 20 43 
28 54 
114 76 
113 19 
18 25 
26 63 
91 27 
55 61 103 
22 17 53 
47 68 60 
111 67 107 33 
92 7 2 85 
31 29 98 99 93 
41 108 36 16 
u120_18
 obj=   50 	 1
118 82 
45 9 
102 32 
75 101 
99 6 
56 35 
58 15 
64 8 
119 116 
93 77 
38 29 
76 46 
73 72 
5 22 
108 20 
31 34 
11 109 
13 21 
113 28 
81 86 
103 74 
17 41 
84 10 
104 44 
19 25 
2 70 
90 43 
47 80 
27 95 
36 62 
65 3 
52 85 
16 55 
63 18 
37 42 
54 12 
67 49 
106 23 
51 79 66 
60 112 0 
48 24 50 
61 94 71 
33 96 110 
39 100 91 59 
78 30 105 1 
97 83 53 57 
69 115 7 68 
4 107 89 98 
92 26 114 88 14 87 
117 40 111 
u120_19
 obj=   50 	 1
81 0 
8 85 
93 31 
56 62 
104 35 
97 91 
20 101 
5 16 
12 84 
74 52 
51 106 
46 36 
1 103 
102 92 
43 24 
75 86 
13 67 
60 95 
57 10 
83 48 
82 73 
78 25 
33 19 
107 32 
18 90 
96 115 
105 29 
110 4 
98 22 
49 55 
70 23 
53 79 
118 45 
64 14 
69 117 
11 50 
59 38 
44 71 
77 65 
39 41 
112 54 
7 3 109 
68 34 87 
9 6 116 58 
89 99 111 72 
2 114 88 17 
27 94 63 28 
119 100 30 61 40 
80 42 108 21 113 
26 47 66 15 76 37 
